AdjacencyGraph
250
4668
0
21
40
58
76
94
115
140
159
176
202
221
244
265
281
309
328
343
360
374
394
408
430
445
466
486
504
524
543
561
578
593
607
623
639
659
679
698
718
735
751
771
793
807
829
848
869
888
906
923
941
959
979
996
1014
1033
1055
1073
1087
1102
1123
1139
1160
1176
1189
1211
1229
1247
1263
1280
1300
1321
1339
1362
1387
1402
1417
1436
1456
1473
1489
1507
1524
1540
1554
1573
1593
1612
1637
1655
1673
1689
1709
1728
1747
1764
1782
1800
1817
1833
1852
1873
1895
1913
1928
1942
1958
1973
1989
2009
2030
2046
2068
2087
2103
2123
2144
2162
2181
2199
2216
2232
2245
2265
2287
2311
2330
2346
2367
2385
2403
2426
2445
2462
2480
2503
2519
2540
2555
2572
2590
2612
2630
2648
2668
2684
2700
2719
2738
2754
2776
2800
2822
2845
2862
2882
2902
2923
2940
2962
2983
2997
3017
3033
3056
3075
3094
3111
3127
3144
3165
3183
3207
3225
3241
3257
3273
3293
3311
3332
3347
3369
3391
3411
3433
3453
3474
3491
3514
3529
3552
3572
3593
3609
3633
3649
3668
3684
3702
3718
3732
3753
3775
3791
3808
3826
3845
3863
3886
3906
3920
3935
3949
3971
3990
4011
4033
4048
4070
4088
4108
4127
4148
4167
4184
4203
4215
4235
4250
4275
4293
4311
4331
4345
4362
4376
4393
4414
4439
4459
4475
4488
4504
4525
4550
4566
4587
4607
4630
4648
28
44
46
51
59
73
76
82
87
98
101
113
119
156
159
187
200
210
225
233
241
16
40
56
71
78
81
87
94
127
132
144
149
161
172
177
179
189
197
241
9
11
19
36
40
77
116
121
134
156
158
169
178
179
191
195
198
209
24
27
36
50
53
73
88
144
153
155
165
169
170
173
190
217
228
239
14
28
33
56
72
75
92
134
144
160
161
168
173
182
191
204
227
246
11
15
30
31
47
55
77
84
100
101
111
116
118
129
134
141
159
178
202
218
231
10
14
17
23
30
35
39
42
44
62
75
85
97
107
127
135
141
158
176
188
205
212
223
224
232
10
25
37
66
75
89
96
112
126
149
151
159
165
166
170
182
190
211
221
19
24
42
68
94
99
110
114
122
129
132
158
180
191
215
217
228
2
26
31
49
50
56
78
89
95
108
113
123
128
131
133
155
165
169
173
178
191
214
223
224
241
242
6
7
21
34
72
86
89
96
111
144
189
202
204
207
209
212
224
229
246
2
5
29
76
79
102
108
112
114
124
131
134
157
178
180
182
183
184
206
215
218
228
241
18
49
51
71
94
106
118
122
130
139
158
174
176
187
188
209
219
220
223
230
245
45
55
76
101
122
123
125
129
157
172
185
194
196
213
233
249
4
6
20
41
42
55
70
83
103
115
146
147
156
157
162
164
167
171
176
185
194
213
217
220
231
235
236
244
5
20
24
27
49
62
89
110
115
157
164
169
172
177
178
181
185
190
203
1
83
87
110
113
125
133
143
151
155
197
206
214
237
238
6
18
62
77
78
83
93
127
135
137
157
193
215
218
225
234
242
12
17
23
32
68
106
139
150
152
174
198
203
220
236
2
8
48
51
58
64
79
82
140
144
148
152
155
166
208
220
223
227
232
233
14
15
27
34
54
67
72
91
99
103
149
181
195
239
10
23
27
37
45
48
77
80
86
104
108
112
128
150
154
170
188
208
220
230
235
238
50
60
61
69
105
114
118
136
176
177
190
192
193
206
246
6
18
21
39
43
54
78
90
99
119
120
133
161
170
190
215
219
221
232
235
239
3
8
15
28
35
43
62
76
82
97
110
115
117
128
134
140
169
183
195
214
7
48
52
61
89
96
102
125
127
131
159
162
200
211
214
224
246
247
9
27
40
45
60
63
80
89
90
102
109
127
138
184
191
195
197
213
217
244
3
15
20
21
26
37
59
62
77
100
143
149
151
170
183
193
206
237
245
0
4
24
52
70
71
72
73
87
88
93
121
154
171
192
206
221
228
11
56
64
70
73
77
90
93
112
118
133
141
151
200
206
215
232
5
6
67
68
85
87
89
118
123
124
142
147
154
178
229
5
9
36
53
60
64
71
110
114
136
153
181
217
239
18
59
61
80
103
118
136
168
176
179
181
187
189
213
242
243
4
34
50
58
69
101
108
123
124
147
154
187
201
216
235
245
10
20
33
41
56
93
96
103
129
153
159
168
179
193
199
201
216
219
243
245
6
24
58
67
69
70
72
76
79
85
100
108
119
122
136
150
162
184
202
210
2
3
31
37
57
73
76
118
128
138
154
173
178
182
183
185
191
197
206
7
21
27
36
47
106
109
113
139
149
165
197
206
211
212
228
237
238
243
248
47
51
65
76
78
93
100
109
121
145
147
149
182
195
212
223
236
6
23
42
88
97
108
110
118
123
150
163
194
202
213
224
244
1
2
26
47
50
64
70
98
123
130
134
173
177
182
211
218
228
237
241
243
14
34
43
54
63
66
97
102
107
116
117
152
159
163
173
179
182
185
191
195
217
218
6
8
14
39
105
111
154
165
176
201
202
210
211
231
23
24
41
45
53
66
74
106
124
134
139
141
145
154
199
208
212
217
220
222
223
233
0
6
46
71
123
130
133
135
141
155
158
173
176
187
198
207
233
243
249
13
21
26
43
60
64
76
89
90
116
117
125
149
154
173
197
226
234
239
243
245
0
44
51
53
61
66
74
85
118
151
152
153
160
161
179
199
207
232
243
5
37
38
40
60
81
83
84
87
107
116
126
130
133
134
142
218
241
19
21
25
58
63
73
97
110
159
173
180
198
202
217
218
219
237
9
12
15
55
65
76
134
135
144
146
161
170
198
202
214
218
221
225
3
9
22
33
40
55
61
62
64
81
82
86
133
163
184
185
209
240
0
12
19
38
46
92
106
107
128
136
138
140
141
171
203
208
227
229
235
247
25
28
56
67
72
76
81
85
101
102
107
130
181
210
221
222
236
3
31
43
46
65
70
82
92
93
96
99
119
188
196
215
226
242
246
20
23
41
66
90
99
101
103
111
114
120
137
163
165
175
184
186
196
213
5
13
14
49
50
84
87
107
120
128
146
157
159
167
172
175
181
186
198
208
217
218
1
4
9
29
34
52
67
68
72
74
77
84
181
186
217
234
237
244
36
72
73
89
92
119
161
166
170
185
196
206
211
216
19
33
35
48
65
100
123
125
128
133
136
146
161
164
176
0
27
32
61
65
79
86
91
92
96
135
140
146
152
166
172
176
196
203
227
229
22
26
31
45
47
64
98
115
144
145
153
155
168
183
218
228
22
25
32
46
50
59
86
87
89
111
119
126
131
140
147
148
151
152
187
196
235
6
15
17
24
27
50
66
77
110
112
117
131
138
145
167
175
26
41
48
78
126
143
155
165
179
184
192
228
240
19
29
31
40
45
50
60
73
76
77
91
112
128
132
136
138
143
148
159
178
189
195
38
49
53
58
59
72
117
123
139
152
174
187
207
219
230
233
239
242
7
41
43
46
54
62
79
85
101
103
105
127
143
145
147
180
221
229
20
30
35
52
56
86
91
92
99
107
150
159
191
196
210
245
8
18
30
56
84
105
113
117
125
146
152
193
211
219
229
237
243
22
33
35
71
75
88
96
103
104
115
120
123
127
145
151
187
216
223
238
243
14
28
29
35
40
53
76
78
81
108
123
135
144
158
168
172
179
183
214
218
224
1
12
28
31
44
69
80
104
115
122
124
156
180
185
187
199
226
249
4
10
20
28
35
52
56
57
65
86
100
119
126
133
136
146
156
167
171
196
211
239
249
0
3
28
29
36
48
57
64
74
90
96
107
127
134
142
169
179
185
189
195
197
204
205
234
237
43
46
56
73
80
84
98
116
126
136
137
138
229
241
247
4
6
7
69
100
108
153
158
160
164
213
224
229
243
245
0
11
13
24
35
36
38
45
49
52
64
70
88
106
134
159
180
198
217
2
5
17
21
27
29
56
62
64
81
97
100
117
128
143
181
194
215
223
225
1
9
17
23
38
63
70
80
83
84
115
118
129
131
150
218
224
11
19
35
59
66
89
103
114
120
122
123
168
176
203
220
235
21
26
32
71
74
78
113
122
124
130
143
191
208
219
221
222
242
249
1
47
50
52
70
77
86
93
95
98
113
131
152
155
179
221
228
0
19
24
50
53
84
87
133
168
169
172
186
187
209
242
246
14
16
17
47
78
117
120
123
136
176
178
186
236
237
5
47
55
56
68
74
78
82
94
122
150
158
159
164
169
172
173
201
205
6
30
35
46
52
66
90
101
111
119
135
159
163
182
185
205
213
221
229
231
10
21
50
59
61
67
72
81
87
92
95
109
149
156
170
204
222
226
237
0
1
16
28
30
47
55
61
82
86
95
98
118
132
133
165
171
177
183
189
191
205
207
223
237
3
28
39
69
76
90
131
149
155
171
175
185
186
188
190
195
197
223
7
9
10
15
25
26
30
45
57
61
79
107
169
189
200
215
223
228
23
26
29
45
54
73
85
88
93
102
108
127
142
210
219
230
20
59
64
67
101
102
110
119
124
125
130
142
143
162
182
205
217
225
231
240
4
51
53
57
59
67
86
96
106
151
177
184
192
200
228
229
241
242
244
17
28
29
34
38
53
81
90
95
132
136
140
143
169
174
206
214
220
230
1
8
12
84
95
98
108
125
146
147
188
195
199
203
215
245
249
9
81
86
87
93
94
156
166
184
189
196
200
215
222
226
227
240
246
7
10
25
34
53
59
69
73
92
121
132
138
168
171
183
234
246
248
6
24
39
41
48
77
111
114
115
122
134
157
164
191
234
237
241
0
40
60
74
81
87
94
127
173
178
189
214
227
233
248
249
8
20
23
53
54
67
101
103
105
157
159
162
163
166
185
193
194
220
227
5
27
35
38
58
72
75
77
110
129
142
146
147
150
190
204
212
219
222
225
244
0
5
13
33
52
54
66
85
91
99
119
130
156
164
178
194
201
215
216
222
231
247
11
25
26
41
52
90
91
163
167
169
185
191
197
211
217
231
236
247
14
20
32
34
54
66
69
79
99
125
126
163
165
201
236
21
69
71
111
114
140
148
152
187
207
212
213
219
232
22
42
66
68
99
113
142
162
171
185
188
194
200
218
231
237
12
18
37
43
51
76
92
122
126
134
150
160
203
207
247
6
41
47
51
52
55
67
73
89
140
141
163
167
181
182
231
9
11
21
33
35
39
70
75
90
94
122
129
130
139
145
164
176
201
220
243
26
37
38
86
116
122
131
132
133
134
155
157
166
168
169
177
189
196
212
224
234
8
15
16
24
31
39
48
62
91
100
122
153
157
173
202
231
5
10
42
54
61
85
97
104
117
124
127
128
135
139
146
149
151
175
201
205
241
244
7
11
21
29
62
64
115
120
128
140
141
146
150
161
170
183
207
216
245
0
9
16
37
68
80
81
105
125
131
161
163
168
196
204
222
8
11
22
31
54
79
97
104
127
159
162
173
182
194
198
209
215
217
225
228
14
15
24
60
69
71
78
97
112
118
123
130
139
140
154
158
176
190
219
236
238
2
5
41
45
47
74
109
124
129
147
156
159
160
165
169
181
184
196
24
41
45
62
65
68
77
83
111
127
128
134
174
178
186
198
201
240
247
5
12
22
29
30
32
36
39
46
78
87
115
131
144
169
177
207
242
0
23
35
53
57
61
72
85
91
101
125
135
146
155
189
201
244
23
54
55
69
79
83
112
127
139
165
193
203
205
216
220
227
2
28
38
96
130
137
145
152
155
156
169
207
222
8
12
13
35
71
79
80
84
97
106
108
109
110
135
139
155
172
197
206
248
9
13
30
33
39
40
44
58
65
69
70
79
83
115
125
154
185
192
199
201
210
235
11
30
33
43
71
80
91
111
116
137
154
157
168
171
176
182
187
190
235
236
238
246
248
249
13
16
25
45
58
68
91
94
103
113
119
123
163
184
207
211
219
223
231
7
47
61
63
72
74
103
106
160
177
191
200
204
227
233
247
1
6
17
25
26
66
69
73
90
98
111
114
117
120
128
133
159
201
206
237
240
9
21
24
36
51
55
58
64
77
111
112
117
127
131
168
169
180
190
5
8
13
34
78
100
108
116
134
167
172
178
183
187
202
210
218
227
12
40
44
47
52
80
91
101
108
115
121
143
147
150
151
187
194
196
201
233
243
244
246
9
11
25
61
62
78
81
88
109
113
118
128
158
166
168
175
192
214
237
1
8
64
87
93
96
109
135
182
183
189
192
193
202
211
212
214
9
16
23
29
44
47
50
58
72
82
87
109
127
142
174
189
205
221
2
4
5
11
24
40
43
47
49
73
76
97
106
109
117
129
141
155
198
215
216
237
247
6
17
44
49
59
70
85
111
119
122
132
157
216
229
231
244
22
31
32
35
51
58
64
72
74
83
93
141
171
172
193
200
205
223
225
226
242
17
54
74
121
124
169
171
172
188
195
208
210
226
233
238
26
36
51
62
64
74
96
149
153
155
161
167
179
183
189
214
230
12
18
37
43
65
108
111
115
120
122
147
171
195
207
222
226
232
233
19
24
51
59
61
93
104
107
112
115
141
160
172
192
199
207
208
216
230
233
241
246
5
6
29
43
44
51
107
112
134
136
140
154
176
186
212
232
238
247
30
47
73
90
91
100
105
133
175
183
190
191
195
197
208
212
221
222
16
27
63
64
66
77
80
91
93
130
146
154
158
159
161
181
200
216
230
240
1
3
4
10
19
49
60
70
118
161
190
193
198
200
221
227
38
43
60
62
66
69
108
121
146
188
219
229
231
244
245
249
14
49
55
58
59
68
72
94
100
111
112
119
143
145
147
178
201
206
235
14
30
33
38
61
66
94
100
116
130
139
146
163
165
213
235
238
239
248
19
61
64
104
153
155
157
168
193
212
215
230
238
241
243
246
1
7
20
27
37
38
45
86
88
111
138
151
170
174
186
188
192
200
213
227
243
245
18
21
35
39
67
78
84
100
106
112
130
152
154
157
159
164
169
171
180
182
212
220
222
236
7
16
27
29
46
61
69
92
111
130
149
156
177
191
192
206
211
222
228
237
238
249
18
19
41
46
59
61
65
68
81
104
121
150
158
162
166
177
188
208
212
220
237
245
247
3
31
34
46
60
75
110
138
148
162
167
168
171
180
186
198
228
21
28
30
33
36
42
43
45
115
123
124
141
143
150
163
164
174
186
213
245
3
9
16
19
44
60
63
81
88
109
119
121
122
134
138
148
181
192
206
247
0
2
14
71
72
86
95
101
116
121
151
195
200
208
215
219
220
226
229
240
243
11
13
14
15
17
55
97
99
109
110
124
135
148
150
163
237
239
2
6
8
12
44
70
75
84
115
131
143
152
176
177
188
189
200
207
238
241
242
245
0
5
7
25
34
41
48
55
64
67
76
84
85
99
114
116
127
143
150
188
215
4
46
75
106
116
126
140
175
176
207
208
214
233
249
1
4
23
46
49
57
58
112
113
138
143
144
163
166
170
183
193
204
208
211
14
25
35
91
99
105
114
152
153
165
181
186
190
199
201
210
39
41
50
54
85
99
102
103
107
113
125
147
154
157
161
174
180
181
205
208
216
239
247
14
15
58
75
84
97
101
108
150
154
182
199
201
207
214
219
220
235
244
3
7
9
37
42
54
63
87
103
116
120
147
162
180
182
194
214
222
231
7
19
57
59
95
99
109
131
152
161
183
187
188
199
208
226
246
14
55
62
72
102
107
129
138
153
181
191
212
213
216
217
222
4
32
34
60
70
79
82
96
109
113
124
128
131
148
153
195
228
2
3
9
15
24
73
82
84
89
93
102
109
116
118
121
128
137
150
175
209
228
3
7
21
23
27
49
57
86
112
149
161
189
191
193
202
226
229
235
14
28
51
72
87
88
96
105
124
136
137
139
150
153
177
181
183
203
204
210
212
214
247
249
1
13
15
55
59
70
82
84
122
129
136
137
140
196
201
217
231
249
3
4
9
36
40
41
44
45
48
84
98
110
114
211
238
242
12
18
65
93
117
133
149
154
163
175
189
193
208
233
242
247
54
55
62
88
111
131
142
160
169
174
184
191
195
209
221
241
6
12
14
22
32
42
44
58
59
79
83
108
115
124
141
158
160
187
236
237
1
15
22
40
87
92
109
118
126
151
152
158
171
179
191
192
193
246
2
5
9
11
15
30
36
64
83
98
101
117
129
146
180
182
197
209
215
245
248
1
2
32
34
41
46
63
70
73
81
138
177
183
228
244
8
11
48
66
71
76
128
150
153
163
165
178
182
186
202
215
218
222
228
231
244
248
15
20
31
32
52
55
56
77
107
116
143
155
162
163
167
171
183
205
213
233
234
240
4
7
11
36
38
40
41
85
91
107
114
124
132
150
164
165
178
180
184
236
11
24
27
36
60
70
87
96
112
129
132
138
142
161
166
171
179
181
189
197
204
206
11
26
35
50
54
63
92
95
116
125
175
182
191
192
193
198
217
230
234
237
13
14
15
36
41
50
57
71
73
85
88
99
102
105
123
193
197
204
217
225
240
54
55
56
82
83
88
117
141
149
153
154
162
180
202
209
216
240
0
12
32
33
44
61
65
69
71
82
104
124
129
130
166
176
226
228
231
241
243
245
246
6
12
21
53
88
94
105
137
145
149
152
158
159
166
210
1
10
32
64
73
87
89
95
98
109
119
132
133
138
158
170
174
183
197
201
221
243
247
3
7
15
22
23
88
100
115
124
128
142
144
162
200
203
207
212
221
226
249
2
4
8
9
26
36
41
67
80
87
97
102
126
142
151
167
170
175
177
184
239
22
28
63
92
123
131
132
140
149
151
155
177
184
213
221
234
17
22
27
34
68
99
120
132
136
144
148
161
170
174
177
184
185
199
213
217
218
235
246
247
13
14
39
77
99
101
105
114
130
165
202
217
218
219
223
248
2
20
24
26
38
41
64
73
88
94
137
139
142
156
168
175
197
202
239
13
53
54
57
59
61
67
72
95
109
113
116
130
172
226
229
1
16
26
36
37
45
73
88
102
122
142
178
183
185
189
195
236
240
2
18
44
48
49
55
76
114
117
134
144
153
184
200
237
238
34
43
46
71
94
123
140
162
164
166
193
219
241
249
0
25
29
89
92
95
105
126
136
143
144
149
156
158
190
198
208
226
237
242
245
33
34
42
84
101
103
108
111
117
119
123
127
130
146
162
164
172
189
205
213
218
238
5
10
35
39
42
48
49
110
129
132
170
180
186
194
195
231
15
18
51
59
79
94
106
120
171
190
204
209
210
219
224
236
248
4
10
73
86
100
113
126
161
171
183
185
203
206
207
208
221
242
247
6
73
84
85
87
91
111
120
133
136
163
181
201
207
215
225
227
238
247
11
16
22
27
28
29
36
37
57
93
122
127
146
151
155
183
204
214
10
44
46
65
87
104
106
112
118
121
125
139
140
158
160
164
190
204
205
226
242
248
249
19
21
43
51
55
80
137
140
142
152
156
160
161
163
166
174
200
204
242
249
2
10
12
50
82
114
169
175
178
186
203
220
234
239
0
35
42
52
67
90
123
129
137
162
171
188
203
223
248
7
25
37
40
42
57
68
72
102
125
132
151
161
173
6
10
37
38
43
100
104
109
132
141
142
148
150
152
167
171
190
219
221
222
239
246
13
14
26
32
39
54
75
85
104
147
149
154
167
181
192
193
201
236
246
9
16
24
25
49
70
93
98
131
132
138
160
164
165
171
206
215
221
228
238
246
8
11
17
23
29
53
77
89
94
95
101
114
134
148
156
159
178
180
205
214
225
231
33
34
57
69
101
112
120
134
135
140
143
163
167
186
235
3
8
14
26
31
41
43
48
55
56
76
91
102
114
167
172
184
185
193
194
225
231
5
11
17
40
41
47
48
49
55
60
70
78
105
129
180
193
194
201
12
23
34
48
65
68
80
90
100
104
115
125
145
156
164
194
199
203
212
230
12
14
18
19
21
43
79
93
99
108
120
150
152
156
164
209
222
238
243
7
23
28
49
52
66
80
81
85
133
142
144
175
189
190
192
204
212
214
228
237
43
52
80
86
95
100
101
113
121
139
142
150
151
165
167
180
212
220
224
6
9
12
19
38
43
69
77
87
88
89
125
136
194
210
232
236
6
9
10
25
39
70
75
78
109
203
222
228
230
234
236
237
240
243
245
0
17
49
77
91
100
114
136
185
205
215
217
45
53
71
86
95
136
137
139
156
166
170
187
190
196
200
207
232
233
236
248
4
19
51
59
95
98
99
120
126
129
144
149
205
246
248
3
8
11
28
37
40
60
63
81
89
92
114
151
153
168
169
179
180
187
214
221
224
232
247
249
10
30
51
59
66
68
74
75
85
92
135
145
156
170
196
242
243
245
12
21
65
90
93
138
140
143
148
184
219
224
232
234
235
239
245
248
5
14
42
85
91
101
102
105
107
110
125
135
145
165
172
180
187
202
215
217
6
19
23
29
46
104
139
141
223
226
228
230
238
249
0
13
19
43
44
65
98
126
130
137
139
140
160
174
181
226
247
17
45
56
73
96
97
109
181
184
192
209
224
230
239
14
21
23
33
51
61
79
123
124
146
147
164
170
193
216
230
243
14
18
38
52
83
102
103
115
124
150
176
182
197
203
213
223
224
226
244
247
248
16
27
37
40
48
56
68
73
83
86
87
97
105
127
131
134
151
152
157
176
184
198
200
221
224
16
21
37
69
115
124
137
141
147
148
151
158
173
198
201
205
214
220
232
243
3
20
23
31
45
65
72
147
157
163
191
195
209
212
230
234
50
63
91
95
117
127
143
156
181
185
186
197
224
0
1
9
11
40
47
74
92
97
111
140
148
158
175
187
199
9
17
32
53
65
80
82
92
118
136
158
173
174
200
204
207
208
229
243
247
248
32
34
37
40
44
45
46
68
69
75
108
130
148
149
156
187
189
220
224
229
235
238
242
245
248
14
26
39
56
92
100
111
119
130
135
145
164
179
180
236
249
12
27
33
34
45
67
75
94
112
145
149
152
154
158
178
187
200
224
229
230
243
4
10
22
25
53
82
95
96
124
130
140
148
166
177
187
193
212
213
214
227
25
51
74
101
102
106
117
126
134
141
152
155
163
171
174
189
193
204
205
228
233
236
242
37
96
98
122
124
147
178
180
194
203
207
210
226
227
230
236
242
243
13
44
71
72
80
94
98
124
145
151
160
171
172
190
199
207
208
228
232
244
